1.567149994612068986e+05
1.490973480603448406e+05
1.325088133081896522e+05
1.022476769935344782e+05
5.770327397629310144e+04
2.767903421336206884e+04
3.955848477909482608e+04
3.436429950161637680e+04
1.900454532596982608e+04
2.294936678340517392e+04
2.456781371228448188e+04
2.355654599946120652e+04
1.935046733566810508e+04
1.782890853987068840e+04
1.872408822737068840e+04
1.811960809536638044e+04
1.613050936153017210e+04
1.614683607219827536e+04
1.706139190463361956e+04
1.723143059671336232e+04
1.751417554552801812e+04
1.450267315463362138e+04
1.625131600215517210e+04
1.479179529229525906e+04
1.502112722252155254e+04
1.282355909886853442e+04
1.405003128367456884e+04
1.519845477505387862e+04
1.394328246228448188e+04
1.305773882004310326e+04
1.541593574892241304e+04
1.397223693426724094e+04
1.187136092403017210e+04
1.409210920662715580e+04
1.184937823275862138e+04
1.455084681438577536e+04
1.295419888200430978e+04
1.432799360183189674e+04
1.381665699084051812e+04
1.186512237338362138e+04
1.269080010775862138e+04
1.145289746093750000e+04
1.359287570716594746e+04
1.309116773302801812e+04
1.081006162446120652e+04
1.108140540813577536e+04
1.350485200026939674e+04
1.209525690328663768e+04
1.225586749057112138e+04
1.137212931034482790e+04
1.168082334321120652e+04
1.302572376751077536e+04
1.163439493534482790e+04
1.193935930765086232e+04
1.103132637392241304e+04
1.078093622036637862e+04
1.179412466325430978e+04
1.156146329471982790e+04
1.124348908943965580e+04
1.228032802397629348e+04
9.789231647359913040e+03
1.086406078259698188e+04
1.162321979391163768e+04
1.178586324757543116e+04
1.020047050107758696e+04
9.592392763335128620e+03
1.059279586476293116e+04
1.095038958108836232e+04
1.002811422413793116e+04
1.003566796875000000e+04
9.888790274784481880e+03
9.998031115301724640e+03
1.021492180765086232e+04
9.588774245689655800e+03
1.080173545258620652e+04
9.269966796875000000e+03
1.002560971174569022e+04
1.165154626885775906e+04
1.004021285695043116e+04
9.892333512931034420e+03
1.036808418642241304e+04
9.437573848329740940e+03
1.045114964978448188e+04
1.040017857623922464e+04
9.308583277209052540e+03
9.339934738685344200e+03
9.637962486530172100e+03
9.315481664197197460e+03
9.078272056842672100e+03
8.848253838900862320e+03
8.606354155441809780e+03
8.468911065463362320e+03
9.156824555495690220e+03
9.335964001885775360e+03
9.162845736799568840e+03
8.272836442618534420e+03
8.842175023572197460e+03
8.947380017510775360e+03
8.655518217941809780e+03
8.714700431034481880e+03
8.818293002424568840e+03
8.636004125134697460e+03
8.232858886718750000e+03
8.752996262122844200e+03
7.775508031384698370e+03
8.725890119881465580e+03
8.623892224542025360e+03
7.447795039735990940e+03
7.727385203394396740e+03
8.477881128771552540e+03
7.862482657596982790e+03
7.272675276131465580e+03
7.647325144800646740e+03
7.764277276400862320e+03
7.318517409752154890e+03
6.976885708512931160e+03
7.212985940867456520e+03
9.473467200969827900e+03
8.394134664601293480e+03
8.422373450969827900e+03
8.415530492322197460e+03
7.593565497036637680e+03
7.767887291217672100e+03
7.324916655441810690e+03
6.704147444100215580e+03
7.452758368130387680e+03
7.759798036772629530e+03
7.753243702855603260e+03
7.610915981950431160e+03
6.683442096578663950e+03
6.480008401804956520e+03
6.672079573006465580e+03
6.735185799434267210e+03
6.861512914197198370e+03
7.821158927128232790e+03
5.868279667295259060e+03
7.100685344827586050e+03
5.830283725080818840e+03
7.116330229660560690e+03
7.348617591594827900e+03
6.341788624730603260e+03
6.922546420393318840e+03
8.022876380657327900e+03
7.284932970770473730e+03
6.589759664601293480e+03
6.905491665544181160e+03
6.942510860048490940e+03
6.997803980334051630e+03
6.508126111260776270e+03
7.355375875538793480e+03
6.994452097925646740e+03
6.363456913389009060e+03
6.245354424838362320e+03
5.817551656788793480e+03
6.444570127289870470e+03
5.596504899649784420e+03
6.072698360048490940e+03
5.997528034078663950e+03
6.256848666487068840e+03
5.948376414331896740e+03
6.228743046201509060e+03
5.601628468480603260e+03
6.493077619881465580e+03
6.309279566271551630e+03
6.281741463496767210e+03
5.624406872979526270e+03
6.079675343480603260e+03
6.985373333108836050e+03
5.480831930226293480e+03
4.611866934940732790e+03
5.332846814385776270e+03
5.620505320581896740e+03
4.614415880926723730e+03
5.676579741379310690e+03
6.229851360452586050e+03
5.384896181303879530e+03
5.243813038793103260e+03
5.504176336880387680e+03
5.620193729795259060e+03
5.606327653556034420e+03
