-7.047411014293802012e+00
-6.422206878662109375e+00
-5.543241336427885635e+00
-4.006708786405366318e+00
-1.823739767074584961e+00
-3.659702580550621143e-01
-9.652572007014833533e-01
-7.074275304531228992e-01
5.394530501858941368e-02
-1.323330936760737930e-01
-2.145541002010477039e-01
-1.731397530128215845e-01
4.332447874134984223e-02
9.996884444664264069e-02
6.197942125386204926e-02
1.074742798147530348e-01
2.067675426088530499e-01
2.067774616438766977e-01
1.613313720144074481e-01
1.548126339912414551e-01
1.355309445282508463e-01
2.945664134518853339e-01
1.990732160107842874e-01
2.700573473141111291e-01
2.587382361806672137e-01
3.647954998345210864e-01
3.123574791283443286e-01
2.531019120380796350e-01
3.060530526884671088e-01
3.479556502967044995e-01
2.497610901964121832e-01
2.926310650233564514e-01
4.131518622924541528e-01
3.059601907072396210e-01
4.121929366013099560e-01
2.607210648470911218e-01
3.627329263193854181e-01
2.955404211734903308e-01
3.298117867831525940e-01
4.075129730948086615e-01
3.762796110120312787e-01
4.429687528774656213e-01
3.305640097322135040e-01
3.545310517837261255e-01
4.611797106677087976e-01
4.580231987196823895e-01
3.340689868762575232e-01
4.137608963867713818e-01
4.055047528497103815e-01
4.291906377364849146e-01
4.242232647435418280e-01
3.438284787638434259e-01
4.101582477832662610e-01
4.160608094314048877e-01
4.505156854103351538e-01
4.706848695360381085e-01
3.980797734753838690e-01
4.308391603930243341e-01
4.526705515795740320e-01
3.953383051115891278e-01
5.201062005141685596e-01
4.677901165238741998e-01
4.278754016448711450e-01
4.124100393262402631e-01
4.957398093979933917e-01
5.339744543207103344e-01
4.814920569288319574e-01
4.615538551889616925e-01
5.027333271914514734e-01
4.678301585131677820e-01
5.056738421834748864e-01
5.035836614411453027e-01
4.853645768658867987e-01
5.228172191258134704e-01
4.704049640688403033e-01
5.437893209786250903e-01
5.114280560920978491e-01
4.233375130028560474e-01
5.047934055328369141e-01
5.106905780989547949e-01
4.922708889533733423e-01
5.350150404305293872e-01
4.695106909192841571e-01
5.003601271530677685e-01
5.417266714161840246e-01
5.380879640579223633e-01
5.247835126416436902e-01
5.439713556191017041e-01
5.469437015467676355e-01
5.652426131840410095e-01
5.768179646853742737e-01
5.862580620009323340e-01
5.492190862524097827e-01
5.397555334814663208e-01
5.511691364748724231e-01
5.917716087966129468e-01
5.666597053922456384e-01
5.607363889957296399e-01
5.744263262584291541e-01
5.713555114022617065e-01
5.609478683307252966e-01
5.765157218637138037e-01
5.855127531906654248e-01
5.656927988446992517e-01
6.117641309211994116e-01
5.698658289580509351e-01
5.736130167698038074e-01
6.349153436463454980e-01
6.204648305629861804e-01
5.870576398126010620e-01
6.142686728773445459e-01
6.397144979444043811e-01
6.230309400065191516e-01
6.203713047093358801e-01
6.369320113083412060e-01
6.575818534555106787e-01
6.411220657414403723e-01
5.351539356955166138e-01
5.871171684100709998e-01
5.763183421102063830e-01
5.853715867831789099e-01
6.234389214680112756e-01
6.157304993991193909e-01
6.323123183743707409e-01
6.719748973846435547e-01
6.347343510594861682e-01
6.168222550688118311e-01
6.182302072130400061e-01
6.273098649649784253e-01
6.719749220486345154e-01
6.820699367029913196e-01
6.735083316934520337e-01
6.657794200140854102e-01
6.570186656096885791e-01
6.159109740421689905e-01
7.080010710091426684e-01
6.518697985287370544e-01
7.120389136774786243e-01
6.486334060800487133e-01
6.304474904619413733e-01
6.921363575705166138e-01
6.602378405373672265e-01
6.035792704286246924e-01
6.429919949893293518e-01
6.776934656603582630e-01
6.575749557593772998e-01
6.503803442264425305e-01
6.497088259664075549e-01
6.813317187901201111e-01
6.388281974299200305e-01
6.567267837195560620e-01
6.832239175664966968e-01
6.916053336242149463e-01
7.137333730171466772e-01
6.858746697162759753e-01
7.251212802426568738e-01
7.022824205201247949e-01
7.048283918150539673e-01
6.890408869447379736e-01
6.954687854339336450e-01
6.806317033438846753e-01
7.241003883296045496e-01
6.810349739831069726e-01
6.862489272808206531e-01
6.898591888361963465e-01
7.213841676712036133e-01
6.965674799064109912e-01
6.491561449807266015e-01
7.302978141554470337e-01
7.723945379257202148e-01
7.375250540930649024e-01
7.185518001687938305e-01
7.731485818994456860e-01
7.202603303152939063e-01
6.883471731481880518e-01
7.332328599074791065e-01
7.431392731337711499e-01
7.306648225619875037e-01
7.177934831586377795e-01
7.250304818153381348e-01
